name: squidpipe_env
channels:
  - conda-forge
  - bioconda
  - defaults
dependencies:
  - _libgcc_mutex=0.1=conda_forge
  - _openmp_mutex=4.5=2_gnu
  - blast=2.16.0=h66d330f_4
  - bzip2=1.0.8=h4bc722e_7
  - c-ares=1.34.4=hb9d3cd8_0
  - ca-certificates=2025.1.31=hbcca054_0
  - curl=8.11.1=h332b0f4_0
  - entrez-direct=22.4=he881be0_0
  - gettext=0.23.1=h5888daf_0
  - gettext-tools=0.23.1=h5888daf_0
  - htslib=1.21=h566b1c6_1
  - k8=1.2=he8db53b_5
  - kernel-headers_linux-64=3.10.0=he073ed8_18
  - keyutils=1.6.1=h166bdaf_0
  - kraken2=2.1.3=pl5321h077b44d_4
  - krb5=1.21.3=h659f571_0
  - ld_impl_linux-64=2.43=h712a8e2_2
  - libasprintf=0.23.1=h8e693c7_0
  - libasprintf-devel=0.23.1=h8e693c7_0
  - libcurl=8.11.1=h332b0f4_0
  - libdeflate=1.23=h4ddbbb0_0
  - libedit=3.1.20250104=pl5321h7949ede_0
  - libev=4.33=hd590300_2
  - libexpat=2.6.4=h5888daf_0
  - libffi=3.4.6=h2dba641_0
  - libgcc=14.2.0=h77fa898_1
  - libgcc-ng=14.2.0=h69a702a_1
  - libgettextpo=0.23.1=h5888daf_0
  - libgettextpo-devel=0.23.1=h5888daf_0
  - libgomp=14.2.0=h77fa898_1
  - libiconv=1.17=hd590300_2
  - libidn2=2.3.7=hd590300_0
  - liblzma=5.6.4=hb9d3cd8_0
  - libmpdec=4.0.0=h4bc722e_0
  - libnghttp2=1.64.0=h161d5f1_0
  - libsqlite=3.48.0=hee588c1_1
  - libssh2=1.11.1=hf672d98_0
  - libstdcxx=14.2.0=hc0a3c3a_1
  - libstdcxx-ng=14.2.0=h4852527_1
  - libunistring=0.9.10=h7f98852_0
  - libuuid=2.38.1=h0b41bf4_0
  - libxcrypt=4.4.36=hd590300_1
  - libzlib=1.3.1=hb9d3cd8_2
  - lz4-c=1.10.0=h5888daf_1
  - minimap2=2.28=h577a1d6_4
  - ncbi-datasets-cli=16.40.1=ha770c72_1
  - ncbi-vdb=3.2.0=h9948957_0
  - ncurses=6.5=h2d0b736_3
  - openssl=3.4.0=h7b32b05_1
  - perl=5.32.1=7_hd590300_perl5
  - perl-archive-tar=2.40=pl5321hdfd78af_0
  - perl-carp=1.50=pl5321hd8ed1ab_0
  - perl-common-sense=3.75=pl5321hd8ed1ab_0
  - perl-compress-raw-bzip2=2.201=pl5321hbf60520_0
  - perl-compress-raw-zlib=2.202=pl5321hadc24fc_0
  - perl-encode=3.21=pl5321hb9d3cd8_1
  - perl-exporter=5.74=pl5321hd8ed1ab_0
  - perl-exporter-tiny=1.002002=pl5321hd8ed1ab_0
  - perl-extutils-makemaker=7.70=pl5321hd8ed1ab_0
  - perl-io-compress=2.201=pl5321h503566f_4
  - perl-io-zlib=1.14=pl5321hdfd78af_0
  - perl-json=4.10=pl5321hdfd78af_1
  - perl-json-xs=4.03=pl5321h9948957_4
  - perl-list-moreutils=0.430=pl5321hdfd78af_0
  - perl-list-moreutils-xs=0.430=pl5321h7b50bb2_4
  - perl-parent=0.243=pl5321hd8ed1ab_0
  - perl-pathtools=3.75=pl5321hb9d3cd8_1
  - perl-scalar-list-utils=1.68=pl5321hb9d3cd8_0
  - perl-storable=3.15=pl5321hb9d3cd8_0
  - perl-types-serialiser=1.01=pl5321hdfd78af_0
  - pigz=2.8=hadc24fc_1
  - pip=25.0.1=pyh145f28c_0
  - popt=1.16=h0b475e3_2002
  - python=3.13.1=ha99a958_105_cp313
  - python_abi=3.13=5_cp313
  - readline=8.2=h8228510_1
  - rpsbproc=0.5.0=hd6d6fdc_2
  - rsync=3.4.1=h168f954_0
  - samtools=1.21=h96c455f_1
  - seqkit=2.9.0=h9ee0642_0
  - seqtk=1.4=h577a1d6_3
  - sysroot_linux-64=2.17=h0157908_18
  - tar=1.34=hb2e2bae_1
  - tk=8.6.13=noxft_h4845f30_101
  - wget=1.21.4=hda4d442_0
  - xxhash=0.8.3=hb9d3cd8_0
  - zlib=1.3.1=hb9d3cd8_2
  - zstd=1.5.6=ha6fb4c9_0
  - pip:
      - h5py==3.12.1
      - iso8601==2.1.0
      - lib-pod5==0.3.23
      - more-itertools==10.6.0
      - numpy==2.2.2
      - packaging==24.2
      - pandas==2.2.3
      - pod5==0.3.23
      - polars==0.20.31
      - pyarrow==18.0.0
      - python-dateutil==2.9.0.post0
      - pytz==2025.1
      - six==1.17.0
      - tqdm==4.67.1
      - tzdata==2025.1
      - vbz-h5py-plugin==1.0.1
prefix: /home/the_darwim/miniconda3/envs/squidpipe_env
